VALUES: [[4, 12, 5], [7, 10, 9], [7, 7, 10]]
RESULT: ([3, 0, 2], [5, 4, 6])

VALUES: [[4, 12, 5, 6, 8], [7, 10, 9, 7, 4], [7, 7, 10, 12, 10], [5, 6, 9, 6, 6], [7, 12, 4, 4, 7]]
RESULT: ([0, 0, 0, 2, 7], [10, 6, 9, 8, 7])

VALUES: [[18, 19, 16, 19, 18], [8, 7, 4, 7, 6], [10, 9, 6, 9, 6], [8, 9, 6, 9, 8], [8, 9, 12, 9, 12]]
RESULT: ([1, 1, 1, 0, 0], [7, 6, 9, 10, 8])

VALUES: [[5, 8, 10, 6, 11], [10, 7, 9, 9, 6], [7, 4, 6, 6, 3], [7, 4, 6, 6, 3], [4, 1, 3, 3, 2]]
RESULT: ([0, 5, 0, 2, 2], [10, 6, 7, 8, 9])

VALUES: [[5, 8, 10, 6, 11], [10, 7, 9, 9, 6], [7, 4, 6, 6, 3], [7, 4, 6, 6, 3], [4, 1, 3, 3, 2]]
RESULT: ([0, 5, 0, 2, 2], [10, 6, 7, 8, 9])